camera_matrix:
  cols: 3
  data: [291.0654677993691, 0.0, 328.9361360767357, 0.0, 292.8901302834361, 207.588190356857,
    0.0, 0.0, 1.0]
  rows: 3
camera_name: duckmobile/camera_node
distortion_coefficients:
  cols: 5
  data: [-0.23855977994063485, 0.03201043653365558, 0.0034299646475444293, -0.003060141749859325,
    0.0]
  rows: 1
distortion_model: plumb_bob
image_height: 480
image_width: 640
projection_matrix:
  cols: 4
  data: [210.81729125976562, 0.0, 343.1716512185303, 0.0, 0.0, 237.3619384765625,
    200.97098912475485, 0.0, 0.0, 0.0, 1.0, 0.0]
  rows: 3
rectification_matrix:
  cols: 3
  data: [1.0, 0.0, 0.0, 0.0, 1.0, 0.0, 0.0, 0.0, 1.0]
  rows: 3
